79
93 61
72 60 29
46 73 26 54
30 71 07 06 01
81 15 86 77 45 88
10 01 99 58 12 87 93
50 48 71 96 01 38 95 64
04 34 15 07 82 01 37 98 78
41 66 91 78 22 99 82 59 51 29
76 54 55 73 98 51 01 38 10 13 35
98 73 24 41 04 13 52 33 17 31 57 71
65 23 01 99 25 38 98 06 33 50 83 19 15
59 07 16 48 23 58 62 37 02 07 78 27 42 77
26 37 71 37 27 13 29 27 95 17 15 98 07 28 73
87 86 79 80 08 19 14 85 75 97 75 54 47 73 98 48
96 60 61 24 07 36 29 62 95 89 43 17 50 80 30 99 07
32 30 64 46 41 56 52 04 18 80 33 32 56 36 83 51 11 55
90 59 26 25 75 47 58 68 48 42 54 55 82 82 35 34 14 09 06
06 96 08 24 36 61 74 74 74 21 02 80 05 94 02 45 38 43 42 99
58 09 66 57 19 74 54 73 56 34 90 46 22 10 65 33 51 81 03 93 67
56 30 83 16 80 69 61 25 57 62 34 78 04 13 16 37 29 63 25 63 26 79
86 77 07 77 81 48 57 71 04 93 99 35 59 15 08 07 63 59 31 06 97 94 38
74 62 25 99 50 69 19 93 66 57 70 22 65 29 74 72 47 15 47 85 39 65 46 65
91 59 37 98 96 49 72 10 38 19 98 39 55 82 91 39 43 85 13 05 69 53 95 29 22
53 44 67 81 80 75 52 08 77 75 11 74 66 77 27 97 18 72 99 19 44 45 66 98 99 25
12 29 33 75 30 87 46 98 96 02 83 69 71 51 44 88 25 77 27 74 89 41 87 63 37 83 32
44 79 26 28 18 94 86 46 81 80 33 23 29 29 44 50 91 28 08 90 92 90 49 10 31 02 61 54
86 02 87 24 56 80 12 97 11 05 82 69 79 81 50 10 49 14 46 61 09 24 73 42 03 61 29 94 10
68 48 46 57 48 72 97 46 71 52 38 18 99 56 82 33 37 28 39 74 09 49 93 88 62 34 28 36 90 57
57 80 89 90 92 91 29 79 33 80 58 33 77 56 29 50 63 09 50 59 35 22 64 93 25 93 46 83 76 06 32
75 75 05 70 82 19 04 97 48 05 23 41 47 42 39 46 02 89 74 24 33 27 05 34 21 35 90 79 09 15 30 39
24 29 51 12 11 58 12 06 18 95 41 25 84 62 82 04 56 40 93 62 41 43 42 71 71 99 45 65 05 73 23 63 42
95 83 22 69 34 32 09 34 80 98 12 36 64 02 58 50 92 31 66 72 10 47 28 85 98 23 05 61 77 99 59 72 53 68
98 47 76 76 59 33 39 63 06 92 78 15 59 27 24 54 41 18 59 35 59 04 09 89 04 66 57 77 79 55 79 70 46 35 13
62 09 56 47 98 11 44 31 37 61 25 14 27 89 71 16 23 16 67 10 10 65 11 40 70 76 30 52 56 69 24 73 05 12 45 85
72 29 81 50 81 17 86 41 16 12 18 10 26 54 16 80 52 89 88 53 95 04 38 51 91 70 04 83 23 23 39 31 48 62 95 65 65
81 51 81 88 16 54 69 59 25 91 96 79 82 87 26 67 16 19 54 41 52 67 72 27 91 80 62 92 14 76 02 03 04 60 14 07 02 66
21 40 80 34 37 58 46 98 86 01 65 15 38 71 18 01 68 36 73 08 57 72 89 15 92 13 42 54 18 40 74 47 93 81 76 83 80 54 83
13 62 14 03 67 81 47 71 99 99 65 21 64 93 51 90 03 62 08 45 73 71 50 35 85 14 99 64 81 04 32 97 22 82 22 85 14 62 34 14
52 93 29 87 88 49 94 18 30 39 05 68 58 51 05 87 73 13 13 97 67 87 59 92 14 73 38 63 97 60 98 52 49 79 44 26 22 03 70 80 86
52 21 64 50 36 71 35 01 18 35 30 82 06 99 70 82 65 80 90 58 51 05 85 81 84 26 89 04 34 42 76 63 29 68 86 89 03 11 80 60 56 81
12 68 42 19 35 15 84 63 21 36 14 22 19 39 37 89 31 78 17 76 09 51 97 65 87 16 32 93 28 40 56 67 01 64 70 84 88 05 60 01 05 72 29
11 55 12 65 52 04 82 35 39 84 41 86 26 21 72 99 82 79 32 45 08 48 11 70 60 36 42 19 12 99 07 71 41 97 94 97 27 62 58 62 94 03 22 25
66 39 97 86 44 38 25 52 22 04 51 19 12 78 16 92 11 56 82 19 75 49 73 62 32 57 46 78 09 70 86 39 02 95 32 68 44 07 11 05 22 27 23 96 06
19 18 04 13 27 37 53 81 12 40 86 80 44 86 60 50 87 25 57 49 44 16 23 47 90 82 33 24 65 67 79 08 63 40 86 35 66 12 50 24 91 86 98 90 73 19
87 80 58 26 08 24 37 92 30 19 91 27 62 45 74 25 46 84 11 70 65 91 26 50 87 68 89 02 28 76 99 87 38 66 86 83 21 40 28 99 67 27 11 36 23 99 07
38 74 98 69 99 68 97 60 88 43 80 08 78 99 53 77 31 89 75 73 84 22 14 69 80 12 36 55 01 41 02 16 45 44 16 38 22 25 69 23 70 97 26 52 04 47 38 58
88 21 70 24 23 41 62 14 73 44 09 25 12 46 72 56 88 31 05 21 24 62 22 65 35 26 70 24 73 93 45 94 01 08 18 41 87 04 99 17 19 40 15 24 60 66 22 78 07
14 30 22 98 08 72 41 23 08 80 26 73 69 91 40 11 32 85 27 69 41 42 31 61 78 19 56 36 29 68 37 44 72 56 43 35 92 36 04 76 22 19 63 96 01 91 49 59 69 37
84 59 79 04 06 36 37 86 23 29 63 26 84 38 83 49 88 26 43 27 07 34 46 55 37 32 18 61 73 84 98 38 18 47 48 04 99 87 95 82 30 31 96 10 74 30 25 74 61 59 86
63 03 38 57 52 51 72 49 15 67 28 96 55 31 24 73 55 63 54 30 72 77 32 56 40 59 60 75 98 64 27 51 58 46 28 35 76 08 06 21 72 82 30 44 52 25 80 85 73 48 77 19
23 70 23 72 27 93 69 12 86 99 21 66 28 87 45 56 93 13 27 62 45 73 33 16 96 03 07 10 74 09 98 42 98 11 93 71 89 29 99 14 03 73 29 60 89 82 30 99 69 67 23 01 50
91 74 93 53 71 96 79 74 99 57 76 65 04 37 82 41 18 89 61 15 85 44 59 57 82 23 44 68 74 84 66 02 91 98 53 87 29 36 16 88 72 94 99 88 52 41 33 98 16 80 29 89 40 56
93 46 41 64 66 58 37 03 85 18 27 43 72 66 81 17 53 33 80 51 90 35 56 97 51 78 76 13 95 88 41 56 89 73 10 95 45 02 59 70 85 14 49 50 31 53 31 33 16 22 76 67 27 69 22
96 66 93 50 30 40 80 90 34 76 54 46 57 59 68 44 75 96 04 11 59 06 15 81 70 34 73 13 84 87 57 51 30 04 62 90 68 40 30 92 80 81 04 99 89 85 19 93 09 45 05 68 12 76 17 36
23 34 99 47 42 50 64 47 87 95 99 52 71 74 01 49 85 34 39 24 33 02 24 11 63 60 32 72 49 19 27 96 80 45 21 27 81 91 57 12 60 67 19 86 77 21 63 64 42 60 73 73 29 89 46 01 27
69 99 76 10 13 07 67 33 95 48 07 43 92 99 52 38 47 40 48 30 57 79 41 38 90 24 99 16 23 51 65 91 01 26 34 38 37 25 51 70 12 99 43 67 29 59 67 11 63 74 89 67 62 15 82 66 52 05
57 38 82 05 07 48 84 25 97 71 67 46 50 85 25 90 85 95 79 99 62 72 45 40 64 30 12 37 91 15 72 34 97 33 44 75 31 85 46 11 21 50 83 35 69 68 61 37 87 67 23 88 40 10 18 52 24 60 88
10 71 78 80 26 75 43 88 25 39 96 14 02 56 16 63 58 10 07 48 53 03 25 37 90 03 16 13 26 24 98 67 99 26 43 04 95 43 07 92 19 34 70 18 12 58 10 84 81 78 96 14 56 86 07 99 71 55 81 58
77 15 84 26 73 56 02 71 60 53 67 34 27 18 98 85 59 78 73 26 70 73 24 89 60 88 56 89 95 98 95 80 23 52 59 44 94 67 46 10 33 60 64 91 10 96 71 44 56 70 45 65 90 99 81 99 81 63 10 84 31
38 49 06 76 88 62 99 30 62 64 50 32 16 38 43 38 72 79 22 19 87 66 80 06 63 58 75 37 64 13 62 41 75 34 67 54 75 36 69 44 43 49 16 71 75 30 66 73 47 12 47 66 83 77 50 85 63 47 41 40 44 03
01 92 13 39 89 72 68 21 33 03 12 89 40 68 89 79 40 82 25 62 48 09 10 19 52 92 04 37 28 07 56 23 80 51 56 56 01 46 17 56 68 74 76 76 47 36 11 28 43 31 07 19 53 67 22 34 64 93 90 19 63 55 53
10 76 81 06 76 32 90 79 83 52 21 35 01 67 91 96 15 52 85 99 74 90 54 71 60 65 53 24 84 75 98 88 08 67 51 67 88 07 23 04 43 64 09 92 55 28 51 96 83 46 10 05 16 87 85 11 39 34 37 06 24 91 52 15
57 33 24 42 84 57 57 48 76 82 06 53 27 57 30 64 72 02 72 26 39 72 77 95 10 46 11 44 26 41 34 87 96 50 66 34 55 09 09 61 23 84 76 17 07 83 42 54 23 99 37 65 31 73 45 76 16 81 43 38 83 51 57 57 67
97 43 46 90 92 96 97 24 48 84 91 89 34 05 16 74 15 68 26 82 19 03 06 97 17 95 91 86 50 39 77 10 53 21 80 81 34 32 10 19 52 97 76 61 38 34 07 69 30 34 10 84 38 70 41 94 34 36 08 25 65 93 02 67 94 64
42 17 61 33 54 51 74 81 76 14 23 44 79 47 18 97 24 29 57 60 32 46 07 29 91 90 27 38 84 77 99 41 32 91 03 14 80 59 93 99 93 39 17 52 84 49 61 27 68 04 05 87 32 94 15 40 44 72 61 87 76 81 49 13 55 92 89
92 43 83 86 21 31 27 50 72 76 15 36 85 46 03 10 70 94 80 38 36 68 63 97 57 31 19 18 50 14 11 46 82 93 65 32 07 93 67 47 21 08 86 19 41 61 15 99 22 73 43 52 81 68 52 63 63 03 34 86 15 11 39 01 99 87 45 08
28 82 52 38 12 34 03 91 57 16 31 03 59 19 25 36 43 47 30 87 22 45 64 31 75 51 66 84 61 76 64 94 46 01 71 51 65 05 07 29 01 15 42 48 96 89 66 68 84 07 87 96 47 09 51 31 94 36 82 23 80 14 62 67 29 54 14 13 92
76 38 10 38 62 37 62 52 34 06 26 73 53 15 19 55 49 35 64 40 69 79 45 74 54 79 04 41 43 74 55 10 98 36 13 33 57 08 74 39 06 87 88 75 86 04 85 62 18 57 07 76 53 48 78 58 48 58 86 47 72 41 01 35 28 42 17 52 05 47
11 73 60 48 33 54 11 45 21 83 70 57 42 69 91 78 52 48 50 38 88 14 43 03 83 82 14 96 99 61 10 42 02 72 49 32 38 76 30 28 55 34 57 77 43 85 87 60 92 59 13 59 90 09 60 54 27 66 14 42 40 25 73 84 76 50 25 76 81 08 47
43 15 31 32 57 89 88 44 86 30 07 90 63 70 95 27 82 61 03 78 15 13 09 99 65 59 22 42 25 42 15 63 82 31 88 49 37 60 46 64 45 91 07 36 90 05 39 45 79 14 10 61 61 99 81 90 75 80 04 53 15 96 62 83 35 29 23 60 58 32 23 52
29 04 76 99 81 75 05 17 36 14 02 14 18 77 04 50 04 68 13 10 91 25 15 10 93 37 50 18 60 84 85 09 27 99 29 39 76 56 62 50 43 89 93 92 27 25 47 81 44 51 63 68 91 04 41 48 46 85 85 79 85 94 97 40 30 01 81 04 15 28 72 43 90
67 01 48 29 18 71 87 84 55 71 79 56 12 02 97 85 99 44 92 73 42 27 47 30 41 48 50 42 68 02 99 68 76 40 34 63 38 45 70 15 10 51 97 28 29 68 64 99 10 42 13 65 02 37 33 16 45 46 28 93 54 19 26 69 44 26 03 71 60 34 35 30 45 21
74 45 30 01 50 84 44 94 95 99 56 95 02 80 42 89 92 11 65 87 23 82 99 74 09 94 64 03 84 16 86 93 64 50 94 70 57 25 29 17 90 21 80 66 57 11 59 95 95 38 78 72 92 98 71 01 06 72 28 17 21 66 63 86 18 82 01 38 90 13 93 28 52 66 54
16 99 02 27 79 91 12 73 39 40 08 86 23 46 46 30 44 47 70 02 14 93 83 28 71 53 42 65 39 33 78 53 10 35 42 70 56 33 75 26 55 67 02 72 53 81 56 47 48 66 18 34 93 40 93 52 36 46 99 73 67 86 96 58 14 65 22 21 42 72 67 16 84 78 72 59
08 66 43 59 94 83 01 84 40 10 53 53 96 75 78 46 30 66 62 46 94 94 32 03 52 63 29 22 93 75 06 74 05 54 48 43 49 99 11 82 67 61 02 07 19 42 68 10 40 25 16 95 15 24 63 48 01 59 01 21 48 62 98 45 59 97 10 77 78 18 37 56 93 42 83 94 71
49 59 94 14 15 98 84 44 58 06 83 07 13 26 90 12 42 36 99 84 49 72 40 47 43 70 34 33 07 35 92 16 01 42 28 69 92 50 90 44 99 51 36 84 79 41 09 54 16 11 68 96 63 73 08 21 77 99 43 01 10 99 78 21 99 07 37 19 06 10 92 83 52 89 34 48 08 89
57 37 91 15 76 13 91 55 63 65 24 18 12 14 04 16 31 50 51 47 51 80 12 23 68 25 18 11 06 14 55 10 10 28 68 39 53 48 88 57 79 46 85 16 70 88 42 27 29 69 54 51 97 69 63 26 95 37 01 07 81 99 72 46 47 92 49 70 27 18 06 21 37 30 66 84 44 38 76
71 50 45 14 08 05 99 11 60 53 83 04 69 87 18 12 35 46 95 39 02 25 38 98 85 13 81 68 11 63 79 61 90 71 42 35 12 01 87 11 66 18 31 31 85 51 86 30 18 85 03 41 25 76 25 18 93 87 66 94 89 54 28 50 25 72 27 18 52 15 50 14 85 70 44 83 48 01 19 77
39 43 81 56 29 09 91 18 85 37 50 49 09 46 99 94 14 31 64 68 17 74 01 75 59 86 89 65 48 67 33 06 35 96 94 90 04 52 56 53 99 40 98 34 61 67 09 48 01 25 19 86 01 06 58 46 26 45 33 80 74 75 43 73 47 25 09 45 43 31 33 74 79 74 76 54 36 44 73 64 26
33 60 77 92 41 35 80 28 24 39 31 18 54 65 29 17 06 91 23 35 76 39 35 64 17 51 10 24 07 07 96 28 32 50 44 82 04 48 32 05 02 73 19 72 33 14 26 85 17 06 29 70 14 88 89 94 50 87 07 14 83 27 98 47 99 56 89 61 26 12 52 98 57 02 50 25 38 07 19 92 39 19
64 40 75 97 89 11 47 51 48 01 99 47 22 27 17 43 15 18 32 45 95 49 67 91 27 67 98 59 61 79 47 96 33 35 86 81 88 55 89 06 36 73 87 83 19 05 61 76 28 48 53 60 14 96 10 05 51 90 44 85 04 85 19 02 39 45 74 57 41 66 53 22 72 19 71 53 46 24 07 22 28 38 16
74 62 81 65 11 26 84 99 99 02 52 36 03 83 62 69 39 98 85 17 60 62 34 81 69 54 24 38 45 18 79 50 02 92 46 08 74 56 41 95 23 08 19 73 66 71 75 98 42 14 54 60 88 07 04 45 50 96 45 28 12 04 62 81 60 58 29 19 60 43 49 59 66 75 30 10 55 04 76 90 83 43 11 59
72 12 23 91 09 27 29 57 88 86 78 40 64 12 71 76 33 91 99 19 46 57 22 26 36 87 56 72 78 36 99 93 76 80 79 47 64 97 14 02 40 70 18 53 29 07 14 57 60 03 84 03 78 05 37 96 73 22 03 72 42 47 59 40 68 12 65 41 29 62 44 43 32 57 72 48 70 98 99 40 06 82 93 40 79
74 16 99 35 11 10 19 90 30 29 78 10 13 70 01 19 74 58 56 30 50 31 55 04 36 65 02 38 31 17 56 63 16 99 17 85 60 68 43 39 37 51 84 72 85 85 57 52 85 96 19 99 54 85 99 47 75 53 23 21 53 47 81 48 86 28 24 90 69 66 68 03 21 65 39 16 33 01 34 41 51 99 13 05 70 25
12 12 68 04 79 18 51 73 43 47 35 42 99 15 44 96 25 99 36 13 17 09 58 09 62 03 22 08 14 15 02 41 21 17 68 59 51 98 29 85 70 76 17 81 21 27 85 47 41 43 34 35 99 17 64 98 69 55 53 65 01 94 54 25 51 77 29 58 14 27 89 74 89 52 85 88 66 88 98 10 44 48 69 71 65 06 55
61 83 09 96 07 51 06 29 66 34 07 02 42 49 67 36 33 30 90 92 02 15 68 84 78 63 33 95 62 89 41 32 87 33 84 05 78 43 18 29 57 96 25 42 51 32 86 70 49 19 06 92 65 45 30 48 39 26 10 63 49 51 87 99 66 45 94 34 17 55 96 57 85 66 43 02 26 42 50 96 13 86 14 37 16 33 40 92
83 60 98 28 72 29 10 61 90 48 56 34 66 64 05 16 44 72 78 35 07 57 25 18 19 59 33 81 96 58 64 19 03 94 10 42 73 99 76 18 50 71 83 59 64 50 11 11 24 42 47 93 37 55 73 38 55 65 74 76 47 98 68 33 89 56 64 58 91 45 50 76 35 42 93 63 52 89 79 45 13 03 65 31 54 14 64 59 12
32 56 76 08 33 16 36 32 75 74 31 67 39 98 37 37 88 01 97 71 62 75 19 05 86 47 01 99 13 62 85 81 89 94 34 21 38 76 32 21 78 57 11 42 62 86 03 45 39 24 16 61 45 65 38 89 16 08 56 13 30 32 18 52 64 03 03 24 92 11 24 47 93 27 54 57 91 80 79 51 21 74 74 64 16 13 03 56 24 65
50 38 42 40 62 16 85 99 37 61 75 89 14 01 49 99 11 51 05 45 67 46 63 69 22 19 54 87 19 96 36 34 35 13 28 52 19 64 81 97 87 70 63 75 07 75 73 92 37 66 82 45 70 19 93 25 13 68 37 51 90 99 79 29 64 79 65 33 94 86 78 14 07 93 36 34 05 58 94 19 84 43 99 48 91 62 40 57 02 51 43
71 16 59 85 66 91 76 33 49 88 73 06 65 53 71 69 32 11 41 41 96 05 22 37 18 35 66 32 80 41 08 50 12 03 64 79 62 70 47 08 66 06 14 93 65 74 43 44 34 30 14 41 40 54 43 71 24 03 19 95 10 83 80 36 42 53 03 90 31 52 30 70 49 50 03 66 31 25 51 37 06 62 69 21 64 83 48 80 27 98 15 60
64 81 09 79 24 69 71 47 89 91 66 96 64 24 29 54 76 59 35 26 14 11 95 10 85 47 76 43 94 26 43 53 56 89 34 59 25 54 55 77 53 42 96 66 76 30 81 85 18 29 36 89 24 82 85 38 19 96 69 38 92 86 93 03 02 60 96 51 09 11 47 08 37 55 61 55 52 71 52 87 72 88 94 05 99 77 27 31 82 86 67 42 87
85 57 39 17 46 37 36 44 44 37 70 57 84 02 44 56 52 31 88 54 89 51 52 09 99 13 16 88 69 10 34 43 24 24 87 19 01 94 90 94 56 16 88 29 84 59 08 55 74 09 16 78 86 47 08 17 52 34 26 55 98 40 91 26 05 86 77 22 78 11 92 25 49 76 93 68 06 72 29 13 42 77 99 62 32 21 51 88 37 79 83 96 27 97
93 01 34 33 37 40 31 29 21 03 28 05 11 90 04 83 82 97 57 27 67 21 79 15 59 89 59 41 19 29 07 22 17 36 12 56 94 91 10 86 53 93 93 95 72 11 31 32 46 73 25 46 46 68 81 70 10 85 21 07 62 67 94 55 42 93 44 46 76 90 72 25 68 61 51 38 03 47 41 59 99 05 46 28 64 22 91 27 83 42 25 72 39 28 40
37 45 41 31 92 13 53 69 84 43 73 02 23 33 11 85 05 22 60 25 62 51 97 62 25 56 26 74 24 78 27 96 07 03 45 77 86 32 94 53 05 57 94 52 40 89 23 17 11 88 02 64 39 34 09 48 05 05 99 73 54 07 78 18 08 98 68 85 18 60 31 77 30 87 90 01 80 99 94 92 17 79 99 67 50 40 74 99 09 11 34 25 53 56 99 59
80 05 79 59 80 27 77 96 97 12 26 55 35 92 43 61 65 72 15 38 84 99 06 73 76 51 89 31 11 51 04 70 64 02 42 01 61 60 50 62 50 11 68 14 94 96 84 78 94 45 16 77 34 39 23 19 48 03 35 95 19 21 09 05 99 70 23 15 52 87 64 28 27 61 82 84 49 40 34 96 46 75 68 91 89 86 39 92 64 45 34 21 68 94 32 18 27
84 86 04 44 38 36 47 68 40 34 67 89 50 06 68 60 43 36 81 41 71 70 46 67 55 53 11 48 98 84 63 88 24 99 71 28 39 80 72 15 26 88 66 06 55 17 47 78 24 85 50 78 19 32 32 95 11 59 70 51 62 84 90 24 66 27 18 93 18 13 57 09 97 11 84 91 84 85 86 41 98 82 01 94 62 40 03 90 93 15 98 65 12 47 54 73 91 35
50 31 05 51 54 91 33 68 25 34 64 23 39 87 43 93 39 77 26 10 14 92 77 89 01 82 79 88 08 77 75 89 69 33 27 07 17 99 09 25 91 25 25 46 58 60 36 82 65 19 38 58 18 44 41 46 82 94 89 24 05 77 97 55 78 87 11 99 99 77 06 48 86 54 92 71 96 98 56 15 83 10 28 98 67 83 65 51 42 90 72 68 99 14 35 97 81 87 88
43 53 64 01 99 12 13 95 14 08 43 81 59 96 42 23 48 14 52 26 69 85 61 54 38 43 28 67 82 80 23 83 53 33 99 72 51 74 93 63 90 46 36 89 77 07 03 51 23 13 90 01 67 15 97 64 49 88 59 71 76 79 83 27 45 90 27 97 63 73 84 23 14 62 15 59 38 21 86 41 36 17 40 70 10 36 90 30 15 89 49 26 45 81 61 46 35 79 83 55